348
output Matrix
19691064 21476584 11720340 22509406 19732162 13234121 24839413 16277240 
13643556 14881056 8116620 15608454 13675278 9171009 17222937 11293380 
1035240 1127724 616070 1187400 1041170 699540 1308706 858110 
48040 50768 27532 56192 50668 34792 63076 41860 
852 948 879 1419 523 524 992 911 
input Matrix 1 
5 8 
6 3 
5 9 
7 9 
9 2 
input Matrix 2 
1 9 7 
9 1 3 
input Matrix 3 
8 8 8 2 
7 2 1 3 
5 7 7 1 
input Matrix 4 
9 8 8 3 6 2 
9 1 2 2 1 4 
2 3 2 1 3 3 
3 5 7 5 9 3 
input Matrix 5 
8 2 2 6 4 9 4 
5 8 8 1 9 9 2 
1 1 7 8 5 8 8 
8 7 5 6 1 6 3 
7 8 1 5 3 6 7 
9 1 7 4 9 6 8 
input Matrix 6 
7 9 8 7 3 1 4 1 
3 6 3 9 2 1 4 4 
6 3 6 7 4 6 8 8 
9 9 1 2 7 2 8 1 
6 8 2 7 8 8 5 2 
2 1 1 8 7 3 9 7 
6 7 2 3 6 5 9 8 
