1232
output Matrix
667010 654413 783205 731659 714988 524792 649633 697347 
431076 421464 506622 472698 462375 339258 420612 452340 
4687 4686 5346 4936 4756 3630 4729 4855 
5183 5088 5886 5438 5276 4056 5213 5447 
2998 2627 3318 3077 3108 2487 2960 3414 
3695 3882 4266 3932 3716 2778 3761 3671 
5183 5088 5886 5438 5276 4056 5213 5447 
1397 1428 1602 1478 1412 1068 1415 1421 
5048 4880 5712 5280 5152 3984 5064 5368 
2750 2426 3048 2826 2848 2274 2718 3118 
2502 2225 2778 2575 2588 2061 2476 2822 
1397 1428 1602 1478 1412 1068 1415 1421 
3921 3868 4458 4118 3988 3060 3947 4105 
2119 1816 2334 2166 2204 1776 2085 2447 
5296 5081 5982 5531 5412 4197 5306 5664 
3133 2835 3492 3235 3232 2559 3109 3493 
2254 2024 2508 2324 2328 1848 2234 2526 
2615 2218 2874 2668 2724 2202 2569 3039 
1262 1220 1428 1320 1288 996 1266 1342 
1780 1837 2046 1887 1796 1353 1806 1796 
input Matrix 1 
5 8 
6 3 
5 9 
7 9 
9 2 
1 9 
7 9 
1 3 
8 8 
8 2 
7 2 
1 3 
5 7 
7 1 
9 8 
8 3 
6 2 
9 1 
2 2 
1 4 
input Matrix 2 
2 3 2 1 3 3 3 5 7 5 9 3 8 2 2 6 4 9 4 5 8 8 1 9 9 2 1 1 7 8 
5 8 8 8 7 5 6 1 6 3 7 8 1 5 3 6 7 9 1 7 4 9 6 8 7 9 8 7 3 1 
input Matrix 3 
4 1 3 6 3 9 2 1 4 4 6 3 
6 7 4 6 8 8 9 9 1 2 7 2 
8 1 6 8 2 7 8 8 5 2 2 1 
1 8 7 3 9 7 6 7 2 3 6 5 
9 8 9 2 7 4 4 3 8 6 2 7 
1 3 3 9 1 2 7 3 8 8 9 7 
8 1 2 8 9 1 8 7 5 2 9 1 
3 1 2 5 5 8 6 3 2 4 7 3 
8 6 7 4 4 8 9 3 7 1 8 6 
6 2 4 5 9 9 9 4 1 8 8 1 
5 3 6 1 4 2 5 1 4 8 5 9 
6 5 9 7 2 1 2 9 6 2 4 4 
1 2 6 5 1 7 7 6 7 6 1 1 
1 6 4 2 6 5 3 4 8 5 2 2 
7 4 4 4 9 6 6 7 4 7 9 7 
8 9 5 7 6 6 5 1 6 9 4 5 
4 5 6 1 3 3 7 1 9 5 8 9 
7 4 3 1 8 3 7 7 3 6 3 4 
6 2 6 1 7 1 3 9 5 2 5 6 
1 6 7 4 1 2 1 4 2 9 5 4 
3 5 1 4 8 3 7 5 2 1 3 3 
9 3 1 8 4 1 1 5 6 7 8 2 
8 4 4 6 7 1 1 1 1 2 3 8 
1 3 6 7 1 5 7 8 4 7 8 5 
6 8 4 3 6 3 2 5 6 5 9 8 
2 2 9 9 1 2 2 8 7 5 6 8 
4 6 4 3 7 8 9 1 4 9 4 7 
7 9 9 7 9 6 4 4 9 4 5 9 
6 4 6 3 6 4 5 3 5 4 7 1 
5 8 4 7 6 9 1 6 3 6 6 6 
input Matrix 4 
9 4 6 6 9 1 3 7 
9 9 3 7 3 6 7 5 
3 9 9 8 6 5 2 2 
5 9 8 9 5 3 7 2 
4 7 8 9 7 2 6 7 
1 6 6 5 5 4 6 7 
4 5 6 1 6 2 8 3 
5 5 8 8 9 9 2 9 
6 5 1 6 8 5 8 7 
7 2 7 9 5 5 6 4 
5 1 7 2 3 4 4 9 
6 2 6 1 3 5 4 5 
